-175.10000000000002
-175.10000000000002
-175.10000000000002
-175.10000000000002
-175.10000000000002
-175.10000000000002
-175.10000000000002
-175.10000000000002
-175.10000000000002
-175.10000000000002
-175.10000000000002
-175.10000000000002
-106.19999999999999
-175.10000000000002
-175.10000000000002
-175.10000000000002
-175.10000000000002
-175.10000000000002
-175.10000000000002
-104.4
-110.69999999999997
-175.10000000000002
-165.20000000000056
-175.10000000000002
-111.49999999999997
-175.10000000000002
-175.10000000000002
-175.10000000000002
-175.10000000000002
-175.10000000000002
-175.10000000000002
-175.10000000000002
-175.10000000000002
-175.10000000000002
-175.10000000000002
-175.10000000000002
-175.10000000000002
-175.10000000000002
-175.10000000000002
-175.10000000000002
-175.10000000000002
-175.10000000000002
-175.10000000000002
-175.10000000000002
-175.10000000000002
-175.10000000000002
-175.10000000000002
-175.10000000000002
-175.10000000000002
-175.10000000000002
-175.10000000000002
-175.10000000000002
-175.10000000000002
-175.10000000000002
-175.10000000000002
-175.10000000000002
-175.10000000000002
-175.10000000000002
-113.59999999999997
-175.10000000000002
-175.10000000000002
-175.10000000000002
-175.10000000000002
-175.10000000000002
-123.70000000000007
-145.2000000000004
-175.10000000000002
-175.10000000000002
-175.10000000000002
-119.30000000000001
-175.10000000000002
-175.10000000000002
-175.10000000000002
-175.10000000000002
-175.10000000000002
-175.10000000000002
-175.10000000000002
-175.10000000000002
-175.10000000000002
-175.10000000000002
-175.10000000000002
-175.10000000000002
-169.6000000000003
-175.10000000000002
-175.10000000000002
-175.10000000000002
-175.10000000000002
-175.10000000000002
-175.10000000000002
-175.10000000000002
-175.10000000000002
-175.10000000000002
-175.10000000000002
-175.10000000000002
-175.10000000000002
-175.10000000000002
-175.10000000000002
-175.10000000000002
-175.10000000000002
-175.10000000000002
-101.3
-141.90000000000032
-175.10000000000002
-175.10000000000002
-175.10000000000002
-175.10000000000002
-175.10000000000002
-124.30000000000007
-175.10000000000002
-175.10000000000002
-175.10000000000002
-175.10000000000002
-175.10000000000002
-175.10000000000002
-128.50000000000014
-175.10000000000002
-101.3
-175.10000000000002
-175.10000000000002
-100
-175.10000000000002
-175.10000000000002
-175.10000000000002
-134.70000000000022
-175.10000000000002
-175.10000000000002
-175.10000000000002
-175.10000000000002
-175.10000000000002
-119.9
-175.10000000000002
-175.10000000000002
-175.10000000000002
-175.10000000000002
-175.10000000000002
-175.10000000000002
-175.10000000000002
-175.10000000000002
-117.09999999999997
-175.10000000000002
-175.10000000000002
-131.00000000000017
-175.10000000000002
-175.10000000000002
-175.10000000000002
-175.10000000000002
-175.10000000000002
-140.2000000000003
-175.10000000000002
-175.10000000000002
-175.10000000000002
-175.10000000000002
-175.10000000000002
-175.10000000000002
-175.10000000000002
-175.10000000000002
-175.10000000000002
-175.10000000000002
35.79999999999937
-175.10000000000002
-150.90000000000046
-175.10000000000002
-175.10000000000002
-175.10000000000002
-175.10000000000002
-175.10000000000002
-175.10000000000002
-175.10000000000002
-175.10000000000002
-175.10000000000002
-175.10000000000002
-175.10000000000002
-175.10000000000002
-175.10000000000002
-141.80000000000032
-175.10000000000002
-175.10000000000002
-103.2
-175.10000000000002
-175.10000000000002
-175.10000000000002
-175.10000000000002
-175.10000000000002
-175.10000000000002
-175.10000000000002
-175.10000000000002
-115.29999999999995
-175.10000000000002
-126.0000000000001
-175.10000000000002
-175.10000000000002
-175.10000000000002
-175.10000000000002
-175.10000000000002
-175.10000000000002
-175.10000000000002
-175.10000000000002
-175.10000000000002
-175.10000000000002
-175.10000000000002
-175.10000000000002
-175.10000000000002
-175.10000000000002
-152.70000000000047
-175.10000000000002
-175.10000000000002
-175.10000000000002
-175.10000000000002
-158.70000000000056
-175.10000000000002
-175.10000000000002
-175.10000000000002
-175.10000000000002
-175.10000000000002
-175.10000000000002
-167.00000000000045
-175.10000000000002
-175.10000000000002
-175.10000000000002
-175.10000000000002
-175.10000000000002
-175.10000000000002
-175.10000000000002
-175.10000000000002
90.40000000000002
-175.10000000000002
-100.8
-175.10000000000002
-175.10000000000002
-110.99999999999997
-115.89999999999996
-175.10000000000002
-175.10000000000002
-131.80000000000018
-175.10000000000002
-155.0000000000005
-175.10000000000002
-102.9
-175.10000000000002
-175.10000000000002
-175.10000000000002
-175.10000000000002
-175.10000000000002
-175.10000000000002
-175.10000000000002
-175.10000000000002
-175.10000000000002
-175.10000000000002
-175.10000000000002
-175.10000000000002
-175.10000000000002
-175.10000000000002
-175.10000000000002
-175.10000000000002
-175.10000000000002
-175.10000000000002
-175.10000000000002
81.70000000000002
-175.10000000000002
-175.10000000000002
-175.10000000000002
-175.10000000000002
-175.10000000000002
-175.10000000000002
-175.10000000000002
-175.10000000000002
-175.10000000000002
-175.10000000000002
-175.10000000000002
-130.50000000000017
-175.10000000000002
-175.10000000000002
51.39999999999958
-175.10000000000002
-175.10000000000002
-175.10000000000002
-175.10000000000002
-175.10000000000002
-175.10000000000002
-175.10000000000002
-128.70000000000013
-175.10000000000002
-175.10000000000002
-175.10000000000002
-175.10000000000002
-175.10000000000002
-175.10000000000002
-175.10000000000002
-175.10000000000002
-175.10000000000002
-105.3
-175.10000000000002
-118.9
-175.10000000000002
-175.10000000000002
-175.10000000000002
-175.10000000000002
-175.10000000000002
-175.10000000000002
-102.6
-175.10000000000002
-175.10000000000002
-175.10000000000002
-175.10000000000002
-175.10000000000002
-175.10000000000002
-175.10000000000002
-175.10000000000002
-175.10000000000002
-111.59999999999998
-175.10000000000002
-175.10000000000002
-175.10000000000002
-175.10000000000002
-175.10000000000002
-101.5
-175.10000000000002
-175.10000000000002
-175.10000000000002
-175.10000000000002
-175.10000000000002
-175.10000000000002
-175.10000000000002
-144.40000000000038
-175.10000000000002
-175.10000000000002
-175.10000000000002
-175.10000000000002
72.09999999999988
-175.10000000000002
-175.10000000000002
-175.10000000000002
-103.1
-175.10000000000002
-175.10000000000002
-175.10000000000002
-142.30000000000032
-175.10000000000002
-175.10000000000002
-175.10000000000002
-100.6
-175.10000000000002
-175.10000000000002
-175.10000000000002
-175.10000000000002
-175.10000000000002
-175.10000000000002
-175.10000000000002
-175.10000000000002
-175.10000000000002
-175.10000000000002
-175.10000000000002
-175.10000000000002
-162.00000000000063
-175.10000000000002
-175.10000000000002
-175.10000000000002
-175.10000000000002
-175.10000000000002
-119.60000000000001
-175.10000000000002
-175.10000000000002
-128.50000000000014
-175.10000000000002
-175.10000000000002
-175.10000000000002
-175.10000000000002
-156.0000000000005
-169.00000000000034
-132.9000000000002
-175.10000000000002
-134.00000000000023
-175.10000000000002
-175.10000000000002
-175.10000000000002
-175.10000000000002
-175.10000000000002
-149.10000000000042
-157.80000000000055
-175.10000000000002
-175.10000000000002
-175.10000000000002
-175.10000000000002
-175.10000000000002
-175.10000000000002
-175.10000000000002
97.8
-175.10000000000002
-175.10000000000002
-102.0
-175.10000000000002
-175.10000000000002
-175.10000000000002
-175.10000000000002
-175.10000000000002
-112.69999999999997
-175.10000000000002
-175.10000000000002
-175.10000000000002
-175.10000000000002
-159.20000000000056
-175.10000000000002
-175.10000000000002
-134.4000000000002
-175.10000000000002
-175.10000000000002
-175.10000000000002
-175.10000000000002
-175.10000000000002
-175.10000000000002
-175.10000000000002
-175.10000000000002
-175.10000000000002
-175.10000000000002
-109.79999999999998
-175.10000000000002
-131.20000000000016
-175.10000000000002
-175.10000000000002
-175.10000000000002
-175.10000000000002
-110.49999999999997
-175.10000000000002
-175.10000000000002
-104.8
-175.10000000000002
-175.10000000000002
-104.9
-175.10000000000002
-114.89999999999996
80.29999999999998
-175.10000000000002
-175.10000000000002
-145.40000000000038
61.39999999999972
-175.10000000000002
71.49999999999986
-175.10000000000002
-107.49999999999999
-111.39999999999998
-175.10000000000002
-149.50000000000043
-147.4000000000004
-175.10000000000002
-175.10000000000002
-175.10000000000002
-154.5000000000005
-175.10000000000002
-175.10000000000002
-175.10000000000002
-104.2
-175.10000000000002
-106.39999999999999
-175.10000000000002
-130.80000000000018
-100.5
-175.10000000000002
-175.10000000000002
-175.10000000000002
-175.10000000000002
-175.10000000000002
-175.10000000000002
-175.10000000000002
-175.10000000000002
-163.30000000000064
-175.10000000000002
-145.2000000000004
-104.6
-138.60000000000028
-175.10000000000002
-175.10000000000002
-175.10000000000002
85.10000000000004
-123.10000000000005
-175.10000000000002
-175.10000000000002
-175.10000000000002
-175.10000000000002
-175.10000000000002
-175.10000000000002
83.60000000000004
-175.10000000000002
-175.10000000000002
-117.29999999999998
-175.10000000000002
-175.10000000000002
-175.10000000000002
-175.10000000000002
-175.10000000000002
-175.10000000000002
-175.10000000000002
-175.10000000000002
-175.10000000000002
-175.10000000000002
-175.10000000000002
-125.00000000000009
99.8
-175.10000000000002
54.09999999999962
-175.10000000000002
-117.39999999999998
-126.2000000000001
-175.10000000000002
-132.7000000000002
-175.10000000000002
-175.10000000000002
-175.10000000000002
99.3
-175.10000000000002
-175.10000000000002
-175.10000000000002
-107.69999999999999
-175.10000000000002
-175.10000000000002
-175.10000000000002
-175.10000000000002
-168.2000000000004
-175.10000000000002
-175.10000000000002
66.39999999999979
-175.10000000000002
-175.10000000000002
-108.1
-175.10000000000002
-175.10000000000002
-175.10000000000002
-175.10000000000002
-128.0000000000001
-175.10000000000002
-175.10000000000002
-175.10000000000002
-105.6
-175.10000000000002
-175.10000000000002
-106.8
-175.10000000000002
-175.10000000000002
-165.80000000000052
-175.10000000000002
-122.80000000000005
-139.3000000000003
-175.10000000000002
-102.3
-175.10000000000002
-175.10000000000002
-175.10000000000002
-175.10000000000002
-175.10000000000002
-175.10000000000002
-108.39999999999999
42.99999999999946
-119.0
-155.90000000000052
-105.3
-175.10000000000002
-175.10000000000002
-175.10000000000002
-175.10000000000002
-102.9
-175.10000000000002
-132.5000000000002
-139.9000000000003
-175.10000000000002
-175.10000000000002
-175.10000000000002
-175.10000000000002
-175.10000000000002
-175.10000000000002
-175.10000000000002
-175.10000000000002
-175.10000000000002
-124.80000000000008
-175.10000000000002
-175.10000000000002
-175.10000000000002
-175.10000000000002
78.39999999999996
-175.10000000000002
37.799999999999386
-175.10000000000002
-175.10000000000002
-175.10000000000002
-175.10000000000002
-121.00000000000003
-175.10000000000002
-107.39999999999999
-175.10000000000002
-108.79999999999998
-175.10000000000002
-175.10000000000002
-175.10000000000002
-132.80000000000018
-175.10000000000002
-175.10000000000002
-175.10000000000002
-175.10000000000002
-175.10000000000002
-175.10000000000002
-175.10000000000002
-175.10000000000002
53.59999999999961
-175.10000000000002
79.99999999999999
-175.10000000000002
-175.10000000000002
-175.10000000000002
-144.10000000000036
-175.10000000000002
-175.10000000000002
-175.10000000000002
-156.60000000000053
-175.10000000000002
92.20000000000002
-105.6
-175.10000000000002
-175.10000000000002
-175.10000000000002
-175.10000000000002
-175.10000000000002
-175.10000000000002
-175.10000000000002
-130.20000000000016
-175.10000000000002
46.899999999999515
-175.10000000000002
-175.10000000000002
89.20000000000002
-175.10000000000002
-175.10000000000002
-175.10000000000002
-175.10000000000002
-175.10000000000002
-175.10000000000002
-175.10000000000002
-175.10000000000002
-175.10000000000002
-175.10000000000002
-175.10000000000002
-175.10000000000002
-175.10000000000002
-175.10000000000002
-175.10000000000002
-175.10000000000002
-175.10000000000002
-175.10000000000002
-175.10000000000002
-175.10000000000002
-175.10000000000002
-145.60000000000036
-175.10000000000002
-175.10000000000002
-175.10000000000002
-175.10000000000002
-175.10000000000002
-175.10000000000002
96.0
99.3
-175.10000000000002
-175.10000000000002
61.599999999999724
-175.10000000000002
-175.10000000000002
-175.10000000000002
-108.1
-175.10000000000002
-175.10000000000002
76.79999999999994
-175.10000000000002
-175.10000000000002
92.10000000000001
-112.09999999999997
-175.10000000000002
-175.10000000000002
-175.10000000000002
-175.10000000000002
-175.10000000000002
-175.10000000000002
-175.10000000000002
94.7
-166.10000000000053
-175.10000000000002
-175.10000000000002
-175.10000000000002
70.59999999999985
-175.10000000000002
-175.10000000000002
-107.49999999999999
-175.10000000000002
-175.10000000000002
-113.39999999999996
44.099999999999476
-175.10000000000002
-175.10000000000002
68.89999999999984
-175.10000000000002
37.699999999999385
-175.10000000000002
-175.10000000000002
-174.10000000000008
-175.10000000000002
-175.10000000000002
-175.10000000000002
-175.10000000000002
-175.10000000000002
-175.10000000000002
-175.10000000000002
96.8
-175.10000000000002
89.90000000000002
-175.10000000000002
-175.10000000000002
-175.10000000000002
-175.10000000000002
75.09999999999991
-175.10000000000002
-129.50000000000014
-175.10000000000002
-175.10000000000002
-175.10000000000002
-175.10000000000002
-141.90000000000032
46.29999999999951
-175.10000000000002
-131.30000000000018
-175.10000000000002
46.59999999999951
-175.10000000000002
99.4
-175.10000000000002
-175.10000000000002
33.5999999999995
34.19999999999946
-175.10000000000002
-136.80000000000024
-141.40000000000032
25.79999999999994
-119.30000000000001
-150.40000000000043
-118.9
-125.20000000000009
-175.10000000000002
-165.20000000000056
-147.0000000000004
-175.10000000000002
-175.10000000000002
-116.39999999999996
-110.69999999999997
-175.10000000000002
-175.10000000000002
-175.10000000000002
43.19999999999946
61.89999999999973
-103.5
-142.10000000000034
-103.3
-104.0
41.69999999999944
-175.10000000000002
-175.10000000000002
-175.10000000000002
32.19999999999958
46.199999999999505
96.8
74.79999999999991
82.30000000000001
64.99999999999977
-175.10000000000002
-175.10000000000002
-175.10000000000002
-112.39999999999998
-103.7
-105.89999999999999
73.19999999999989
60.899999999999714
-175.10000000000002
-175.10000000000002
-175.10000000000002
-175.10000000000002
53.299999999999606
82.40000000000002
-175.10000000000002
-175.10000000000002
-123.30000000000007
68.29999999999981
-175.10000000000002
-175.10000000000002
-175.10000000000002
-175.10000000000002
-175.10000000000002
-175.10000000000002
87.10000000000002
55.69999999999964
98.7
-175.10000000000002
59.499999999999694
-124.70000000000007
-175.10000000000002
-141.0000000000003
-120.70000000000002
-101.5
-175.10000000000002
-106.1
-175.10000000000002
-175.10000000000002
-175.10000000000002
-175.10000000000002
-175.10000000000002
-175.10000000000002
-116.69999999999996
-105.89999999999999
-175.10000000000002
-175.10000000000002
59.39999999999969
41.59999999999944
47.19999999999952
-175.10000000000002
-102.3
57.29999999999966
-108.1
92.9
56.59999999999965
-175.10000000000002
-175.10000000000002
79.29999999999998
-175.10000000000002
-175.10000000000002
-175.10000000000002
-175.10000000000002
-175.10000000000002
-175.10000000000002
-140.00000000000028
-175.10000000000002
-175.10000000000002
-111.99999999999997
67.59999999999981
-175.10000000000002
85.70000000000003
58.39999999999968
-175.10000000000002
95.7
36.69999999999937
-175.10000000000002
34.499999999999446
-175.10000000000002
-175.10000000000002
-105.69999999999999
60.59999999999971
-175.10000000000002
80.9
-175.10000000000002
-175.10000000000002
-175.10000000000002
-175.10000000000002
-175.10000000000002
-175.10000000000002
-141.40000000000032
-141.5000000000003
-175.10000000000002
-175.10000000000002
-175.10000000000002
-175.10000000000002
83.60000000000004
-109.09999999999998
85.00000000000004
-175.10000000000002
-136.20000000000024
29.899999999999707
-175.10000000000002
95.4
-175.10000000000002
-175.10000000000002
-175.10000000000002
-175.10000000000002
-175.10000000000002
-175.10000000000002
-175.10000000000002
-175.10000000000002
-175.10000000000002
-175.10000000000002
-175.10000000000002
43.89999999999947
-175.10000000000002
-175.10000000000002
-175.10000000000002
73.09999999999988
-175.10000000000002
-175.10000000000002
-175.10000000000002
67.8999999999998
-175.10000000000002
-175.10000000000002
-175.10000000000002
-175.10000000000002
69.99999999999984
69.69999999999985
75.89999999999992
89.20000000000002
62.09999999999973
-175.10000000000002
93.30000000000001
-175.10000000000002
49.79999999999956
65.29999999999978
-175.10000000000002
-175.10000000000002
-175.10000000000002
87.10000000000002
-175.10000000000002
-175.10000000000002
70.79999999999986
-175.10000000000002
-175.10000000000002
-175.10000000000002
-175.10000000000002
89.00000000000003
-175.10000000000002
-175.10000000000002
89.50000000000003
97.9
-175.10000000000002
-175.10000000000002
54.99999999999963
42.99999999999946
78.59999999999997
-175.10000000000002
-154.90000000000052
82.00000000000001
-175.10000000000002
85.90000000000003
65.39999999999978
36.999999999999375
-175.10000000000002
-106.3
-175.10000000000002
-175.10000000000002
98.5
55.59999999999964
-175.10000000000002
-175.10000000000002
-175.10000000000002
92.80000000000001
44.39999999999948
-175.10000000000002
-155.70000000000053
85.00000000000004
-175.10000000000002
-175.10000000000002
85.30000000000004
-175.10000000000002
-175.10000000000002
-175.10000000000002
-175.10000000000002
25.699999999999946
64.39999999999976
88.20000000000003
-119.30000000000001
-175.10000000000002
-175.10000000000002
97.5
55.69999999999964
-100.5
-175.10000000000002
-175.10000000000002
-175.10000000000002
69.89999999999984
34.499999999999446
-175.10000000000002
-175.10000000000002
-175.10000000000002
-175.10000000000002
-102.3
82.30000000000001
97.4
62.09999999999973
-119.80000000000001
-103.1
93.4
-175.10000000000002
-175.10000000000002
44.799999999999486
56.99999999999966
-175.10000000000002
-175.10000000000002
-175.10000000000002
-130.90000000000018
64.49999999999977
-175.10000000000002
-175.10000000000002
-106.89999999999999
-114.69999999999996
-175.10000000000002
43.19999999999946
77.49999999999994
92.60000000000001
-175.10000000000002
-175.10000000000002
-175.10000000000002
-175.10000000000002
66.0999999999998
99.8
-175.10000000000002
37.19999999999938
78.99999999999997
66.69999999999979
-175.10000000000002
-175.10000000000002
75.69999999999993
-139.20000000000027
99.0
-175.10000000000002
51.89999999999959
68.79999999999983
98.5
91.40000000000002
43.89999999999947
-175.10000000000002
-175.10000000000002
78.49999999999997
53.39999999999961
73.09999999999988
-175.10000000000002
29.29999999999974
76.09999999999994
59.19999999999969
-109.19999999999999
73.5999999999999
44.49999999999948
53.0999999999996
66.69999999999979
53.299999999999606
-175.10000000000002
-175.10000000000002
35.79999999999937
-175.10000000000002
-175.10000000000002
97.1
35.09999999999941
91.30000000000001
63.99999999999976
56.699999999999655
50.89999999999957
35.59999999999938
-139.7000000000003
88.70000000000002
79.09999999999997
91.20000000000002
-123.10000000000005
-175.10000000000002
-138.8000000000003
-175.10000000000002
87.20000000000003
-175.10000000000002
-175.10000000000002
84.90000000000003
-175.10000000000002
78.09999999999997
80.5
31.7999999999996
-175.10000000000002
75.09999999999991
84.40000000000003
-175.10000000000002
-175.10000000000002
72.09999999999988
92.30000000000001
71.89999999999986
49.99999999999956
-175.10000000000002
46.29999999999951
-175.10000000000002
79.49999999999997
91.50000000000001
43.09999999999946
65.79999999999978
61.699999999999726
78.19999999999996
-175.10000000000002
-175.10000000000002
79.09999999999997
73.19999999999989
38.8999999999994
-130.80000000000018
86.30000000000004
81.2
-175.10000000000002
-175.10000000000002
40.499999999999424
-102.0
-175.10000000000002
86.60000000000004
80.1
73.49999999999989
68.89999999999984
-175.10000000000002
-175.10000000000002
99.4
73.7999999999999
34.499999999999446
-175.10000000000002
-175.10000000000002
61.09999999999972
-175.10000000000002
90.80000000000001
-175.10000000000002
-175.10000000000002
-175.10000000000002
49.699999999999555
35.199999999999406
98.1
86.10000000000004
71.39999999999986
73.6999999999999
97.1
32.09999999999958
-175.10000000000002
49.09999999999955
89.70000000000002
-175.10000000000002
65.79999999999978
63.099999999999746
-175.10000000000002
73.49999999999989
47.499999999999524
45.6999999999995
57.89999999999967
74.79999999999991
81.1
68.89999999999984
-175.10000000000002
-175.10000000000002
85.40000000000003
81.4
90.00000000000001
-175.10000000000002
-175.10000000000002
46.899999999999515
90.80000000000001
81.5
43.09999999999946
-175.10000000000002
-175.10000000000002
91.70000000000002
-175.10000000000002
-175.10000000000002
38.29999999999939
41.49999999999944
89.70000000000002
96.2
52.29999999999959
-175.10000000000002
-175.10000000000002
96.9
44.099999999999476
92.20000000000002
56.799999999999656
59.8999999999997
73.19999999999989
72.49999999999989
35.09999999999941
66.39999999999979
44.49999999999948
-175.10000000000002
31.299999999999628
77.29999999999995
-175.10000000000002
72.09999999999988
93.9
41.999999999999446
60.299999999999706
70.09999999999985
29.69999999999972
65.29999999999978
77.19999999999995
25.29999999999997
94.30000000000001
69.99999999999984
86.00000000000003
40.19999999999942
86.20000000000003
28.99999999999976
-101.3
81.70000000000002
54.89999999999963
56.29999999999965
66.29999999999978
75.39999999999992
28.899999999999764
65.09999999999977
75.29999999999993
86.60000000000004
-175.10000000000002
74.09999999999991
67.4999999999998
75.19999999999992
81.4
37.39999999999938
44.99999999999949
72.89999999999989
98.1
-112.89999999999998
50.399999999999565
-175.10000000000002
98.4
60.69999999999971
54.49999999999962
-175.10000000000002
59.8999999999997
-175.10000000000002
63.59999999999975
54.09999999999962
58.799999999999685
80.5
91.20000000000002
75.79999999999993
-175.10000000000002
87.00000000000003
53.0999999999996
46.59999999999951
93.7
48.59999999999954
60.299999999999706
33.4999999999995
-175.10000000000002
48.79999999999954
68.69999999999982
-175.10000000000002
70.59999999999985
-175.10000000000002
49.599999999999554
36.09999999999936
39.39999999999941
80.9
-175.10000000000002
73.2999999999999
58.29999999999968
77.39999999999995
45.9999999999995
80.29999999999998
93.2
72.59999999999988
75.39999999999992
62.49999999999974
59.9999999999997
35.99999999999936
-108.69999999999999
32.599999999999554
-175.10000000000002
73.2999999999999
-104.0
47.69999999999953
49.99999999999956
84.80000000000004
-175.10000000000002
63.89999999999976
81.5
65.69999999999979
92.10000000000001
-111.39999999999998
-175.10000000000002
85.30000000000004
78.39999999999996
-175.10000000000002
75.99999999999993
53.59999999999961
65.39999999999978
65.99999999999979
-175.10000000000002
92.70000000000002
62.299999999999734
30.299999999999685
70.89999999999986
93.80000000000001
58.799999999999685
73.2999999999999
-107.49999999999999
71.49999999999986
66.8999999999998
-105.39999999999999
63.099999999999746
-175.10000000000002
77.79999999999995
95.2
72.89999999999989
-175.10000000000002
-147.2000000000004
54.19999999999962
84.90000000000003
78.09999999999997
57.19999999999966
-175.10000000000002
92.50000000000001
74.09999999999991
80.69999999999999
47.79999999999953
86.40000000000003
64.19999999999976
82.20000000000002
89.30000000000003
87.40000000000003
71.29999999999987
87.20000000000003
29.49999999999973
46.49999999999951
-175.10000000000002
61.99999999999973
61.29999999999972
-101.2
78.59999999999997
-175.10000000000002
50.59999999999957
66.0999999999998
37.99999999999939
48.09999999999953
-175.10000000000002
-175.10000000000002
-175.10000000000002
-175.10000000000002
76.49999999999994
80.39999999999999
70.89999999999986
-175.10000000000002
-175.10000000000002
85.40000000000003
60.0999999999997
72.09999999999988
66.4999999999998
-161.4000000000006
83.50000000000003
-175.10000000000002
-104.4
57.19999999999966
77.59999999999995
69.99999999999984
-103.3
-175.10000000000002
84.70000000000005
79.09999999999997
93.4
96.5
79.99999999999999
75.19999999999992
57.59999999999967
59.7999999999997
75.09999999999991
-175.10000000000002
65.09999999999977
-175.10000000000002
-147.4000000000004
-175.10000000000002
-175.10000000000002
64.09999999999977
90.90000000000002
43.59999999999947
53.899999999999615
79.09999999999997
-175.10000000000002
-175.10000000000002
79.69999999999999
96.0
85.60000000000004
85.10000000000004
86.90000000000003
-175.10000000000002
45.19999999999949
64.29999999999976
63.49999999999975
90.20000000000002
-175.10000000000002
-175.10000000000002
51.19999999999958
26.099999999999923
72.69999999999987
57.99999999999967
61.99999999999973
69.49999999999983
79.79999999999998
81.30000000000001
58.799999999999685
-175.10000000000002
91.40000000000002
64.89999999999978
-175.10000000000002
62.79999999999974
84.90000000000003
-175.10000000000002
-175.10000000000002
69.29999999999984
88.10000000000002
-105.1
37.699999999999385
-175.10000000000002
-103.2
-175.10000000000002
-101.9
46.29999999999951
-175.10000000000002
35.79999999999937
81.1
63.19999999999975
36.79999999999937
-175.10000000000002
61.29999999999972
87.80000000000003
89.50000000000003
-175.10000000000002
72.59999999999988
58.29999999999968
-175.10000000000002
54.99999999999963
75.59999999999992
41.999999999999446
98.3
81.60000000000001
77.19999999999995
64.29999999999976
-175.10000000000002
82.40000000000002
71.39999999999986
53.49999999999961
70.49999999999986
93.10000000000001
62.59999999999974
77.29999999999995
76.69999999999993
68.49999999999983
-175.10000000000002
-104.4
-175.10000000000002
64.39999999999976
63.89999999999976
83.80000000000004
40.29999999999942
50.69999999999957
81.5
-175.10000000000002
-175.10000000000002
71.39999999999986
41.79999999999944
-175.10000000000002
55.89999999999964
-175.10000000000002
87.50000000000003
93.10000000000001
97.2
51.89999999999959
85.10000000000004
71.59999999999987
82.70000000000002
76.69999999999993
86.70000000000003
51.49999999999958
-175.10000000000002
43.79999999999947
71.39999999999986
46.899999999999515
91.40000000000002
76.59999999999994
61.09999999999972
79.59999999999998
-175.10000000000002
-175.10000000000002
80.19999999999999
49.89999999999956
55.69999999999964
73.9999999999999
66.19999999999979
-175.10000000000002
71.69999999999987
55.69999999999964
73.89999999999989
-175.10000000000002
79.79999999999998
27.39999999999985
68.89999999999984
-175.10000000000002
75.89999999999992
-103.3
53.899999999999615
73.49999999999989
89.70000000000002
76.19999999999993
50.69999999999957
65.29999999999978
68.39999999999982
82.30000000000001
75.59999999999992
84.00000000000004
71.79999999999987
-175.10000000000002
73.19999999999989
48.899999999999544
75.39999999999992
-175.10000000000002
43.09999999999946
60.199999999999704
78.49999999999997
77.59999999999995
-175.10000000000002
49.39999999999955
62.299999999999734
95.4
71.29999999999987
73.2999999999999
79.49999999999997
74.59999999999991
29.099999999999753
79.09999999999997
85.10000000000004
54.39999999999962
70.39999999999985
71.69999999999987
75.09999999999991
75.79999999999993
53.69999999999961
75.19999999999992
90.80000000000001
68.59999999999982
85.20000000000003
88.20000000000003
98.2
67.79999999999981
42.89999999999946
70.19999999999985
74.1999999999999
-175.10000000000002
69.39999999999984
71.09999999999985
52.09999999999959
69.89999999999984
76.59999999999994
49.39999999999955
-150.80000000000047
79.89999999999998
77.69999999999996
90.70000000000002
92.9
73.89999999999989
28.499999999999787
36.59999999999937
71.09999999999985
68.09999999999982
85.20000000000003
78.59999999999997
77.99999999999996
-108.29999999999998
81.30000000000001
71.69999999999987
-129.40000000000015
66.7999999999998
-175.10000000000002
75.39999999999992
84.90000000000003
58.199999999999676
53.79999999999961
48.199999999999534
96.9
63.49999999999975
89.20000000000002
89.10000000000002
86.70000000000003
73.49999999999989
69.39999999999984
80.1
82.90000000000003
72.79999999999988
71.79999999999987
80.9
79.29999999999998
94.10000000000001
73.49999999999989
82.00000000000001
75.09999999999991
75.59999999999992
84.80000000000004
64.19999999999976
37.799999999999386
80.1
83.20000000000003
68.89999999999984
-175.10000000000002
93.4
50.69999999999957
34.39999999999945
68.69999999999982
83.10000000000002
-112.59999999999997
37.59999999999938
94.8
66.0999999999998
48.49999999999954
73.2999999999999
59.8999999999997
81.0
40.29999999999942
51.099999999999575
68.49999999999983
72.59999999999988
80.39999999999999
40.79999999999943
45.5999999999995
57.399999999999665
75.79999999999993
49.29999999999955
-175.10000000000002
-175.10000000000002
88.10000000000002
74.59999999999991
57.09999999999966
-175.10000000000002
74.09999999999991
50.79999999999957
46.099999999999504
44.699999999999484
-175.10000000000002
-175.10000000000002
-175.10000000000002
-175.10000000000002
-175.10000000000002
-175.10000000000002
-175.10000000000002
-175.10000000000002
-175.10000000000002
-175.10000000000002
-175.10000000000002
-175.10000000000002
-175.10000000000002
-175.10000000000002
-175.10000000000002
-175.10000000000002
-175.10000000000002
-175.10000000000002
-175.10000000000002
-175.10000000000002
-175.10000000000002
-175.10000000000002
-175.10000000000002
-175.10000000000002
-175.10000000000002
-175.10000000000002
-175.10000000000002
-171.80000000000018
98.5
-126.50000000000011
-111.69999999999997
-130.10000000000016
-108.19999999999999
-122.90000000000006
-120.50000000000003
-123.60000000000007
-130.40000000000015
-108.29999999999998
68.89999999999984
-111.99999999999997
-130.70000000000016
-121.70000000000005
-117.89999999999998
-134.10000000000022
-117.49999999999997
-103.4
-175.10000000000002
-175.10000000000002
-175.10000000000002
-175.10000000000002
-175.10000000000002
-175.10000000000002
-175.10000000000002
-175.10000000000002
-175.10000000000002
-175.10000000000002
-175.10000000000002
-106.3
-175.10000000000002
-175.10000000000002
-175.10000000000002
-175.10000000000002
-175.10000000000002
-175.10000000000002
-175.10000000000002
-175.10000000000002
-175.10000000000002
-175.10000000000002
-175.10000000000002
-175.10000000000002
-175.10000000000002
-175.10000000000002
-175.10000000000002
-175.10000000000002
-175.10000000000002
-175.10000000000002
-175.10000000000002
-175.10000000000002
-175.10000000000002
-175.10000000000002
-153.7000000000005
-175.10000000000002
-175.10000000000002
-112.09999999999997
-149.30000000000044
-119.30000000000001
-107.49999999999999
-101.8
-139.3000000000003
-126.50000000000011
-175.10000000000002
-175.10000000000002
-175.10000000000002
-141.5000000000003
-139.20000000000027
-175.10000000000002
-175.10000000000002
-169.00000000000034
-120.40000000000002
-175.10000000000002
-175.10000000000002
-175.10000000000002
-107.49999999999999
-125.3000000000001
-175.10000000000002
-175.10000000000002
-175.10000000000002
-175.10000000000002
-175.10000000000002
-175.10000000000002
-175.10000000000002
-126.4000000000001
-175.10000000000002
-133.4000000000002
-175.10000000000002
-175.10000000000002
-175.10000000000002
-175.10000000000002
-175.10000000000002
-175.10000000000002
-175.10000000000002
-175.10000000000002
-175.10000000000002
-175.10000000000002
-175.10000000000002
-175.10000000000002
-175.10000000000002
-106.1
-175.10000000000002
-131.00000000000017
-175.10000000000002
-175.10000000000002
-149.70000000000044
-116.49999999999997
-175.10000000000002
-175.10000000000002
-175.10000000000002
-175.10000000000002
-175.10000000000002
-162.4000000000006
-175.10000000000002
-155.30000000000052
-108.69999999999999
-175.10000000000002
-175.10000000000002
-175.10000000000002
-175.10000000000002
-149.40000000000043
-175.10000000000002
-175.10000000000002
-109.29999999999998
-175.10000000000002
-175.10000000000002
-175.10000000000002
-175.10000000000002
-175.10000000000002
-175.10000000000002
-155.0000000000005
-175.10000000000002
-175.10000000000002
-175.10000000000002
-175.10000000000002
-116.49999999999997
-175.10000000000002
-175.10000000000002
-151.80000000000047
-146.6000000000004
-175.10000000000002
-168.5000000000004
-175.10000000000002
-175.10000000000002
-169.20000000000033
-175.10000000000002
-120.40000000000002
-106.89999999999999
-175.10000000000002
-175.10000000000002
-175.10000000000002
-103.9
-175.10000000000002
-175.10000000000002
-127.50000000000011
-162.7000000000006
-105.39999999999999
-175.10000000000002
-132.9000000000002
-175.10000000000002
-175.10000000000002
-145.50000000000037
92.4
-100.4
-175.10000000000002
-175.10000000000002
-175.10000000000002
-115.39999999999996
-148.10000000000042
-175.10000000000002
-128.30000000000013
-175.10000000000002
-175.10000000000002
-175.10000000000002
-103.60000000000001
-175.10000000000002
-106.6
-101.1
-175.10000000000002
-136.60000000000025
-128.90000000000015
-175.10000000000002
-175.10000000000002
-175.10000000000002
-175.10000000000002
-117.39999999999998
-113.49999999999997
-101.3
-175.10000000000002
-131.80000000000018
-113.79999999999997
-106.0
-167.90000000000043
-175.10000000000002
-101.1
-121.10000000000002
-162.2000000000006
-175.10000000000002
-175.10000000000002
-175.10000000000002
-175.10000000000002
-112.09999999999997
-138.8000000000003
-175.10000000000002
-175.10000000000002
-174.90000000000003
-170.70000000000027
-175.10000000000002
-175.10000000000002
-175.10000000000002
-120.20000000000002
-175.10000000000002
-175.10000000000002
-175.10000000000002
-110.29999999999998
-175.10000000000002
-175.10000000000002
-175.10000000000002
-175.10000000000002
-112.79999999999997
-175.10000000000002
-119.0
-116.19999999999996
97.7
-175.10000000000002
-108.1
-175.10000000000002
-175.10000000000002
-169.90000000000032
-175.10000000000002
-156.40000000000055
-151.70000000000047
-175.10000000000002
-104.9
-120.80000000000003
-175.10000000000002
-175.10000000000002
-175.10000000000002
-102.0
-175.10000000000002
-175.10000000000002
93.30000000000001
-175.10000000000002
-100
-148.0000000000004
-175.10000000000002
-100
-175.10000000000002
-175.10000000000002
-133.20000000000022
-175.10000000000002
-175.10000000000002
-175.10000000000002
-140.7000000000003
-110.59999999999998
-175.10000000000002
-127.40000000000012
-134.3000000000002
-175.10000000000002
-175.10000000000002
97.0
-175.10000000000002
-168.5000000000004
-175.10000000000002
-175.10000000000002
-175.10000000000002
-173.7000000000001
-175.10000000000002
-175.10000000000002
-175.10000000000002
-175.10000000000002
-175.10000000000002
-102.1
-175.10000000000002
-134.20000000000022
-104.3
-175.10000000000002
-175.10000000000002
-107.19999999999999
-175.10000000000002
-175.10000000000002
-175.10000000000002
-175.10000000000002
-175.10000000000002
-134.10000000000022
-175.10000000000002
-127.00000000000011
-175.10000000000002
-175.10000000000002
-102.1
-151.70000000000047
-175.10000000000002
-175.10000000000002
-115.49999999999996
-124.40000000000008
-175.10000000000002
-175.10000000000002
-175.10000000000002
-175.10000000000002
-108.69999999999999
-175.10000000000002
-175.10000000000002
-106.69999999999999
-175.10000000000002
-175.10000000000002
-175.10000000000002
-175.10000000000002
-175.10000000000002
-160.70000000000059
-175.10000000000002
-175.10000000000002
-175.10000000000002
-129.10000000000014
-167.30000000000047
-166.0000000000005
-100.6
-175.10000000000002
-127.60000000000012
-175.10000000000002
-153.7000000000005
-175.10000000000002
-175.10000000000002
-175.10000000000002
-159.10000000000056
-101.2
-175.10000000000002
-140.90000000000032
-175.10000000000002
-125.10000000000008
-175.10000000000002
-175.10000000000002
-120.10000000000002
-174.8
-175.10000000000002
-175.10000000000002
-137.60000000000025
-175.10000000000002
-175.10000000000002
-175.10000000000002
-175.10000000000002
-153.4000000000005
-175.10000000000002
-175.10000000000002
-175.10000000000002
-175.10000000000002
-175.10000000000002
-141.90000000000032
-175.10000000000002
-175.10000000000002
-175.10000000000002
-142.20000000000033
-130.40000000000015
-175.10000000000002
-175.10000000000002
-175.10000000000002
-175.10000000000002
-150.20000000000044
-137.60000000000025
-175.10000000000002
-130.40000000000015
-175.10000000000002
-143.40000000000035
-175.10000000000002
-124.10000000000008
-175.10000000000002
-175.10000000000002
-175.10000000000002
-166.80000000000047
-175.10000000000002
-175.10000000000002
-175.10000000000002
-175.10000000000002
-175.10000000000002
-175.10000000000002
-175.10000000000002
-175.10000000000002
-151.90000000000046
-175.10000000000002
-165.00000000000057
-175.10000000000002
-175.10000000000002
-124.80000000000008
-175.10000000000002
-101.8
-164.50000000000063
-154.5000000000005
-137.10000000000025
-129.40000000000015
-175.10000000000002
-175.10000000000002
-175.10000000000002
-175.10000000000002
-175.10000000000002
-175.10000000000002
-121.10000000000002
-102.8
-175.10000000000002
-175.10000000000002
-175.10000000000002
-150.00000000000045
-175.10000000000002
-175.10000000000002
-175.10000000000002
-175.10000000000002
-175.10000000000002
-175.10000000000002
-175.10000000000002
-175.10000000000002
-175.10000000000002
-175.10000000000002
-102.3
-175.10000000000002
94.10000000000001
-118.1
-175.10000000000002
-175.10000000000002
-118.39999999999999
-100
-122.80000000000005
-175.10000000000002
-175.10000000000002
-119.5
-175.10000000000002
-110.19999999999997
-105.69999999999999
-175.10000000000002
-110.79999999999998
-144.10000000000036
94.2
-170.3000000000003
-154.5000000000005
-175.10000000000002
-127.60000000000012
-175.10000000000002
-162.80000000000064
-169.10000000000036
-175.10000000000002
-175.10000000000002
-175.10000000000002
-175.10000000000002
-103.2
-147.8000000000004
-175.10000000000002
-175.10000000000002
-175.10000000000002
-175.10000000000002
-163.40000000000063
-175.10000000000002
-121.80000000000004
-175.10000000000002
-175.10000000000002
-175.10000000000002
-175.10000000000002
-171.80000000000018
-175.10000000000002
-144.70000000000036
-130.80000000000018
-175.10000000000002
-175.10000000000002
-142.20000000000033
-175.10000000000002
-119.1
-121.50000000000003
-175.10000000000002
-175.10000000000002
-175.10000000000002
-175.10000000000002
-175.10000000000002
-175.10000000000002
-175.10000000000002
-114.69999999999996
-141.90000000000032
-175.10000000000002
-175.10000000000002
-175.10000000000002
-125.00000000000009
-109.79999999999998
-160.1000000000006
-175.10000000000002
96.8
-108.99999999999999
-140.1000000000003
-175.10000000000002
-125.6000000000001
-175.10000000000002
-175.10000000000002
-175.10000000000002
-175.10000000000002
-103.5
-109.59999999999998
-133.9000000000002
-122.60000000000005
-175.10000000000002
-175.10000000000002
-175.10000000000002
-175.10000000000002
-123.80000000000007
-108.69999999999999
-150.70000000000044
-175.10000000000002
-175.10000000000002
-175.10000000000002
-175.10000000000002
-175.10000000000002
-175.10000000000002
-175.10000000000002
-101.4
-175.10000000000002
-175.10000000000002
-175.10000000000002
-175.10000000000002
-175.10000000000002
-175.10000000000002
-175.10000000000002
-175.10000000000002
-126.2000000000001
-175.10000000000002
-175.10000000000002
-175.10000000000002
-175.10000000000002
-175.10000000000002
-175.10000000000002
-175.10000000000002
-123.80000000000007
-128.20000000000013
-175.10000000000002
-175.10000000000002
-175.10000000000002
-151.00000000000045
-175.10000000000002
-107.49999999999999
-123.70000000000007
-175.10000000000002
65.59999999999978
-106.1
-175.10000000000002
-175.10000000000002
-100.6
-175.10000000000002
-175.10000000000002
-175.10000000000002
-175.10000000000002
-175.10000000000002
-150.40000000000043
-132.6000000000002
-175.10000000000002
-175.10000000000002
-175.10000000000002
-175.10000000000002
-175.10000000000002
-175.10000000000002
-164.7000000000006
-175.10000000000002
80.19999999999999
84.30000000000004
-175.10000000000002
-124.20000000000007
-175.10000000000002
-175.10000000000002
-175.10000000000002
-133.8000000000002
-157.40000000000055
-175.10000000000002
-175.10000000000002
-175.10000000000002
-145.60000000000036
-175.10000000000002
-162.90000000000063
-175.10000000000002
-120.00000000000001
-175.10000000000002
-175.10000000000002
-175.10000000000002
-100.3
-175.10000000000002
-175.10000000000002
-175.10000000000002
-175.10000000000002
-175.10000000000002
-123.30000000000007
-131.90000000000018
-148.0000000000004
-175.10000000000002
-175.10000000000002
-101.9
-158.70000000000056
-175.10000000000002
-175.10000000000002
-172.50000000000017
-108.39999999999999
-175.10000000000002
-175.10000000000002
-175.10000000000002
-175.10000000000002
-175.10000000000002
-175.10000000000002
-175.10000000000002
-175.10000000000002
-175.10000000000002
-107.29999999999998
-175.10000000000002
-157.90000000000055
-175.10000000000002
-103.60000000000001
-156.50000000000054
-175.10000000000002
-175.10000000000002
-102.8
-175.10000000000002
-175.10000000000002
-175.10000000000002
-175.10000000000002
-175.10000000000002
-175.10000000000002
-149.40000000000043
-137.60000000000025
-123.10000000000005
-107.1
-175.10000000000002
-161.7000000000006
-111.49999999999997
-175.10000000000002
-175.10000000000002
-175.10000000000002
-175.10000000000002
-175.10000000000002
-175.10000000000002
-114.69999999999996
-175.10000000000002
-104.8
-100.3
-127.60000000000012
-175.10000000000002
-175.10000000000002
-171.70000000000022
-175.10000000000002
-175.10000000000002
-175.10000000000002
-167.50000000000045
-175.10000000000002
-175.10000000000002
-175.10000000000002
-164.00000000000063
-175.10000000000002
-166.2000000000005
-152.20000000000047
-122.30000000000004
-175.10000000000002
-175.10000000000002
-175.10000000000002
-175.10000000000002
-175.10000000000002
-175.10000000000002
-175.10000000000002
-175.10000000000002
-175.10000000000002
-175.10000000000002
-159.10000000000056
-175.10000000000002
-175.10000000000002
-175.10000000000002
-175.10000000000002
-175.10000000000002
-175.10000000000002
-135.20000000000022
-175.10000000000002
-175.10000000000002
-136.60000000000025
-175.10000000000002
-175.10000000000002
-150.70000000000044
-156.30000000000052
-175.10000000000002
-103.5
-175.10000000000002
-106.69999999999999
-106.3
-175.10000000000002
-100.6
-175.10000000000002
-175.10000000000002
-175.10000000000002
-134.70000000000022
-175.10000000000002
-175.10000000000002
-175.10000000000002
-175.10000000000002
-175.10000000000002
-129.60000000000014
-154.90000000000052
-175.10000000000002
-102.8
-132.30000000000018
-175.10000000000002
-108.99999999999999
-132.30000000000018
-120.80000000000003
-175.10000000000002
-175.10000000000002
-175.10000000000002
-175.10000000000002
-175.10000000000002
-170.70000000000027
-175.10000000000002
-124.00000000000007
-175.10000000000002
-175.10000000000002
-161.1000000000006
-175.10000000000002
-129.60000000000014
-175.10000000000002
-137.20000000000027
-175.10000000000002
-175.10000000000002
-175.10000000000002
-175.10000000000002
-175.10000000000002
-175.10000000000002
-175.10000000000002
-175.10000000000002
-175.10000000000002
96.6
-146.1000000000004
-175.10000000000002
-175.10000000000002
-175.10000000000002
-175.10000000000002
-175.10000000000002
-175.10000000000002
-175.10000000000002
-175.10000000000002
-175.10000000000002
-104.8
-175.10000000000002
-175.10000000000002
-175.10000000000002
-175.10000000000002
-175.10000000000002
-175.10000000000002
-175.10000000000002
-169.50000000000034
-109.19999999999999
99.8
-175.10000000000002
-119.2
-175.10000000000002
-100.3
-175.10000000000002
-175.10000000000002
-175.10000000000002
-162.90000000000063
-175.10000000000002
-175.10000000000002
-156.70000000000053
-130.10000000000016
-175.10000000000002
-175.10000000000002
-175.10000000000002
-175.10000000000002
-108.1
-175.10000000000002
-175.10000000000002
-102.0
-175.10000000000002
-175.10000000000002
-175.10000000000002
-133.6000000000002
-116.79999999999997
-162.4000000000006
-175.10000000000002
-175.10000000000002
-175.10000000000002
-175.10000000000002
-175.10000000000002
-175.10000000000002
-175.10000000000002
-112.09999999999997
-175.10000000000002
-175.10000000000002
-175.10000000000002
-175.10000000000002
-175.10000000000002
-175.10000000000002
-175.10000000000002
-175.10000000000002
-125.90000000000009
-175.10000000000002
-103.2
-175.10000000000002
-175.10000000000002
-175.10000000000002
-106.6
-175.10000000000002
-175.10000000000002
-175.10000000000002
-169.90000000000032
-175.10000000000002
-175.10000000000002
-175.10000000000002
-175.10000000000002
-175.10000000000002
-175.10000000000002
-175.10000000000002
-175.10000000000002
-175.10000000000002
-175.10000000000002
-175.10000000000002
-175.10000000000002
-143.40000000000035
-174.10000000000008
-175.10000000000002
-175.10000000000002
-137.90000000000026
-175.10000000000002
-175.10000000000002
-175.10000000000002
-175.10000000000002
99.5
-105.5
-175.10000000000002
-175.10000000000002
-175.10000000000002
-175.10000000000002
-175.10000000000002
-175.10000000000002
-175.10000000000002
-124.10000000000008
-175.10000000000002
-115.69999999999996
-175.10000000000002
-175.10000000000002
-175.10000000000002
-101.0
-175.10000000000002
-175.10000000000002
-175.10000000000002
-175.10000000000002
-100.8
-164.7000000000006
-111.19999999999997
-175.10000000000002
-103.7
-175.10000000000002
-175.10000000000002
-175.10000000000002
-175.10000000000002
-175.10000000000002
-175.10000000000002
-175.10000000000002
-175.10000000000002
-175.10000000000002
-175.10000000000002
-175.10000000000002
-175.10000000000002
-175.10000000000002
-175.10000000000002
-175.10000000000002
-175.10000000000002
-175.10000000000002
-148.70000000000041
-175.10000000000002
-175.10000000000002
-100.9
-175.10000000000002
-175.10000000000002
-118.29999999999998
-175.10000000000002
-175.10000000000002
-137.10000000000025
-175.10000000000002
-175.10000000000002
-175.10000000000002
-175.10000000000002
-175.10000000000002
-175.10000000000002
-175.10000000000002
-175.10000000000002
-175.10000000000002
-158.40000000000055
-175.10000000000002
-115.09999999999997
-102.0
-175.10000000000002
-164.00000000000063
-175.10000000000002
-175.10000000000002
-100.7
-175.10000000000002
-175.10000000000002
-175.10000000000002
-175.10000000000002
-174.90000000000003
-175.10000000000002
-130.60000000000016
-175.10000000000002
-161.2000000000006
78.29999999999995
-175.10000000000002
-175.10000000000002
-175.10000000000002
-141.70000000000033
-175.10000000000002
-175.10000000000002
-175.10000000000002
-175.10000000000002
-175.10000000000002
-175.10000000000002
-175.10000000000002
-175.10000000000002
-175.10000000000002
-175.10000000000002
-114.39999999999996
-175.10000000000002
-175.10000000000002
-175.10000000000002
-175.10000000000002
-175.10000000000002
-175.10000000000002
-175.10000000000002
-150.50000000000045
-175.10000000000002
-175.10000000000002
-175.10000000000002
-150.30000000000044
-175.10000000000002
-175.10000000000002
-138.60000000000028
-175.10000000000002
-175.10000000000002
-175.10000000000002
-175.10000000000002
-175.10000000000002
-175.10000000000002
-175.10000000000002
-175.10000000000002
-175.10000000000002
-175.10000000000002
-136.50000000000026
-175.10000000000002
-155.60000000000053
-175.10000000000002
-175.10000000000002
-175.10000000000002
-175.10000000000002
-175.10000000000002
-175.10000000000002
-162.80000000000064
-175.10000000000002
-175.10000000000002
-175.10000000000002
-175.10000000000002
-175.10000000000002
-175.10000000000002
-175.10000000000002
-175.10000000000002
-175.10000000000002
-175.10000000000002
-175.10000000000002
-111.09999999999998
97.3
-175.10000000000002
-175.10000000000002
-102.6
-175.10000000000002
-175.10000000000002
-175.10000000000002
-175.10000000000002
-175.10000000000002
-175.10000000000002
-103.3
-175.10000000000002
-175.10000000000002
-175.10000000000002
-106.39999999999999
-175.10000000000002
-175.10000000000002
-175.10000000000002
-175.10000000000002
-175.10000000000002
99.5
-173.10000000000014
-175.10000000000002
-175.10000000000002
-121.50000000000003
-175.10000000000002
-175.10000000000002
-113.69999999999996
-124.80000000000008
-175.10000000000002
-175.10000000000002
-175.10000000000002
-175.10000000000002
-175.10000000000002
-175.10000000000002
-175.10000000000002
-175.10000000000002
-157.70000000000056
-175.10000000000002
-175.10000000000002
-175.10000000000002
-175.10000000000002
-175.10000000000002
-175.10000000000002
-175.10000000000002
-107.99999999999999
-175.10000000000002
-104.5
-105.89999999999999
-168.2000000000004
-175.10000000000002
-175.10000000000002
-175.10000000000002
-175.10000000000002
-175.10000000000002
-109.49999999999999
-175.10000000000002
-175.10000000000002
-175.10000000000002
-175.10000000000002
-175.10000000000002
-105.1
-175.10000000000002
54.49999999999962
-175.10000000000002
-175.10000000000002
-175.10000000000002
-175.10000000000002
-175.10000000000002
-175.10000000000002
-175.10000000000002
-175.10000000000002
-138.40000000000026
97.2
-175.10000000000002
-175.10000000000002
-175.10000000000002
-175.10000000000002
-175.10000000000002
-175.10000000000002
-118.9
-175.10000000000002
-175.10000000000002
-175.10000000000002
-106.5
-104.5
-175.10000000000002
-130.20000000000016
-175.10000000000002
-175.10000000000002
-175.10000000000002
-144.80000000000035
-175.10000000000002
-165.60000000000053
49.99999999999956
-175.10000000000002
-175.10000000000002
-175.10000000000002
-101.1
-149.40000000000043
-175.10000000000002
-175.10000000000002
-175.10000000000002
-175.10000000000002
-168.2000000000004
-103.3
-175.10000000000002
-175.10000000000002
-175.10000000000002
-116.39999999999996
-175.10000000000002
-162.10000000000062
-175.10000000000002
-175.10000000000002
-175.10000000000002
-175.10000000000002
-175.10000000000002
-175.10000000000002
-175.10000000000002
-106.8
-175.10000000000002
-175.10000000000002
-175.10000000000002
-147.4000000000004
-175.10000000000002
-175.10000000000002
-175.10000000000002
-175.10000000000002
-175.10000000000002
-151.70000000000047
-131.00000000000017
-175.10000000000002
-175.10000000000002
-175.10000000000002
-175.10000000000002
-175.10000000000002
-165.60000000000053
-175.10000000000002
-107.79999999999998
-175.10000000000002
-104.4
-175.10000000000002
-175.10000000000002
-175.10000000000002
-175.10000000000002
-175.10000000000002
-175.10000000000002
-175.10000000000002
-175.10000000000002
-175.10000000000002
-129.00000000000014
-175.10000000000002
-175.10000000000002
-175.10000000000002
-175.10000000000002
-175.10000000000002
-175.10000000000002
-175.10000000000002
-148.50000000000043
-175.10000000000002
-175.10000000000002
62.59999999999974
-114.69999999999996
-104.6
-175.10000000000002
-175.10000000000002
-145.7000000000004
-175.10000000000002
-175.10000000000002
-169.6000000000003
-106.89999999999999
-175.10000000000002
-175.10000000000002
-175.10000000000002
-175.10000000000002
-175.10000000000002
-175.10000000000002
-175.10000000000002
-175.10000000000002
-175.10000000000002
-175.10000000000002
-175.10000000000002
-175.10000000000002
-175.10000000000002
-120.10000000000002
-175.10000000000002
-175.10000000000002
-175.10000000000002
-175.10000000000002
-175.10000000000002
-135.40000000000023
-175.10000000000002
-175.10000000000002
-175.10000000000002
-175.10000000000002
-175.10000000000002
-142.30000000000032
-175.10000000000002
-175.10000000000002
-175.10000000000002
-175.10000000000002
-175.10000000000002
-175.10000000000002
-175.10000000000002
-104.3
-175.10000000000002
-175.10000000000002
-175.10000000000002
-175.10000000000002
-175.10000000000002
-175.10000000000002
-175.10000000000002
-175.10000000000002
-175.10000000000002
-175.10000000000002
-175.10000000000002
-175.10000000000002
-175.10000000000002
-126.7000000000001
-107.69999999999999
-175.10000000000002
-175.10000000000002
-134.20000000000022
-175.10000000000002
-175.10000000000002
-169.20000000000033
-175.10000000000002
-175.10000000000002
-175.10000000000002
-175.10000000000002
-175.10000000000002
-175.10000000000002
-175.10000000000002
-175.10000000000002
-175.10000000000002
-123.30000000000007
-175.10000000000002
-130.40000000000015
-175.10000000000002
-175.10000000000002
-175.10000000000002
-175.10000000000002
-101.3
-175.10000000000002
-175.10000000000002
-175.10000000000002
-175.10000000000002
-175.10000000000002
-175.10000000000002
-175.10000000000002
-175.10000000000002
-175.10000000000002
-175.10000000000002
-175.10000000000002
-175.10000000000002
-175.10000000000002
-175.10000000000002
-100.2
-175.10000000000002
-102.9
-175.10000000000002
-175.10000000000002
-175.10000000000002
-175.10000000000002
-175.10000000000002
-127.60000000000012
-175.10000000000002
-175.10000000000002
-156.90000000000055
-175.10000000000002
-175.10000000000002
-175.10000000000002
-175.10000000000002
-175.10000000000002
-175.10000000000002
-175.10000000000002
-175.10000000000002
-175.10000000000002
-161.5000000000006
-175.10000000000002
-175.10000000000002
-175.10000000000002
-175.10000000000002
-175.10000000000002
-175.10000000000002
-175.10000000000002
-148.20000000000041
-175.10000000000002
-175.10000000000002
-175.10000000000002
-175.10000000000002
-175.10000000000002
-175.10000000000002
-175.10000000000002
